1254924025.000000
1246626654.000000
1251019484.000000
1249535711.000000
1251930091.000000
1249584173.000000
1250344635.000000
1250302445.000000
1249521899.000000
1250517827.000000
1249757550.000000
1249905396.000000
1250629150.000000
1251625380.000000
1248397692.000000
1251715861.000000
1248032776.000000
1250459487.000000
1249781643.000000
1248971863.000000
630399238.000000
624532349.000000
623677027.000000
622952576.000000
624113674.000000
626914061.000000
624193890.000000
625331398.000000
625856992.000000
626079483.000000
624648115.000000
624958980.000000
625166260.000000
625188320.000000
624994964.000000
625308733.000000
625016812.000000
624522963.000000
625536415.000000
624967392.000000
625244974.000000
624525393.000000
623729484.000000
626177963.000000
626528290.000000
624102787.000000
625206216.000000
626423387.000000
625064843.000000
623336854.000000
625157438.000000
626554475.000000
623852055.000000
624178284.000000
625686778.000000
624803735.000000
624213051.000000
625555568.000000
625050373.000000
623832152.000000
